name: era5_ext

hyperparameters:
  batch_size: 16
  max_epochs: 150
  log_every_n_steps: 10
  lr: 0.0013274546558976075
  weight_decay: 0.001118904606861542
  dropout: 0.0
